# unix_time, cycles_done, cur_path, paths_total, pending_total, pending_favs, map_size, unique_crashes, unique_hangs, max_depth, execs_per_sec
1613621503, 7, 3, 5, 4294967295, 0, 0.02%, 0, 0, 2, 9361.37, 28218
1613621508, 11, 4, 5, 4294967295, 0, 0.02%, 0, 0, 2, 6125.23, 55641
1613621513, 15, 4, 5, 4294967295, 0, 0.02%, 0, 0, 2, 5539.35, 83208
1613621518, 18, 4, 5, 4294967295, 0, 0.02%, 0, 0, 2, 5396.43, 110745
1613621523, 22, 3, 5, 4294967295, 0, 0.02%, 0, 0, 2, 5417.73, 138553
1613621528, 26, 3, 5, 4294967295, 0, 0.02%, 0, 0, 2, 5376.40, 166201
1613621534, 30, 3, 5, 4294967295, 0, 0.02%, 0, 0, 2, 5385.12, 193637
1613621539, 34, 4, 5, 4294967295, 0, 0.02%, 0, 0, 2, 5414.25, 221305
1613621544, 38, 4, 5, 4294967295, 0, 0.02%, 0, 0, 2, 5423.77, 249138
1613621549, 42, 4, 5, 4294967295, 0, 0.02%, 0, 0, 2, 5411.34, 276986
1613621554, 45, 4, 5, 4294967295, 0, 0.02%, 0, 0, 2, 5402.51, 304537
1613621559, 49, 4, 5, 4294967295, 0, 0.02%, 0, 0, 2, 5319.01, 331641
1613621564, 53, 3, 5, 4294967295, 0, 0.02%, 0, 0, 2, 5398.66, 359353
1613621569, 57, 4, 5, 4294967295, 0, 0.02%, 0, 0, 2, 5401.66, 387225
1613621575, 61, 4, 5, 4294967295, 0, 0.02%, 0, 0, 2, 5409.86, 415090
1613621580, 65, 4, 5, 4294967295, 0, 0.02%, 0, 0, 2, 5288.47, 442147
1613621585, 68, 4, 5, 4294967295, 0, 0.02%, 0, 0, 2, 4992.66, 467481
1613621590, 71, 3, 5, 4294967295, 0, 0.02%, 0, 0, 2, 4589.70, 490105
1613621595, 75, 3, 5, 4294967295, 0, 0.02%, 0, 0, 2, 5217.09, 517465
1613621600, 79, 4, 5, 4294967295, 0, 0.02%, 0, 0, 2, 5282.92, 544812
1613621605, 83, 4, 5, 4294967295, 0, 0.02%, 0, 0, 2, 4932.00, 570841
1613621611, 86, 4, 5, 4294967295, 0, 0.02%, 0, 0, 2, 4808.98, 594745
1613621616, 90, 3, 5, 4294967295, 0, 0.02%, 0, 0, 2, 5213.83, 621386
1613621621, 94, 4, 5, 4294967295, 0, 0.02%, 0, 0, 2, 4972.60, 646777
1613621626, 97, 4, 5, 4294967295, 0, 0.02%, 0, 0, 2, 5107.44, 672953
1613621631, 101, 3, 5, 4294967295, 0, 0.02%, 0, 0, 2, 5005.25, 698077
1613621636, 104, 4, 5, 4294967295, 0, 0.02%, 0, 0, 2, 5266.42, 725178
1613621641, 109, 4, 5, 4294967295, 0, 0.02%, 0, 0, 2, 5376.10, 752953
1613621646, 112, 3, 5, 4294967295, 0, 0.02%, 0, 0, 2, 5421.74, 780793
1613621651, 116, 3, 5, 4294967295, 0, 0.02%, 0, 0, 2, 5420.97, 808441
1613621657, 120, 4, 5, 4294967295, 0, 0.02%, 0, 0, 2, 5385.16, 836025
1613621659, 122, 4, 5, 4294967295, 0, 0.00%, 0, 0, 2, 0.00, 846772
